34433
34523
34617
34791
34849
Twist18
34999
35041
34431
34525
34619
34795
34853
NTC1
35001
35045
34455
34527
7233258
34797
34873
NTC2
35005
35047
34457
34531
7236347
34697
34877
35007
35049
34459
34533
7236419
34699
NTC3
35013
35051
34465
34545
7238127
34817
NTC4
35023
35053
34475
34547
7238418
34821
Twist18-2
35025
35055
34477
34549
7239193
34823
35027
35057
34479
34565
7239857
34833
35029
35063
34493
34611
7239858
34841
35031
35067
34497
34613
34787
34843
35037
35069
34507
34615
34789
34845
35039
35073
Twist18-3
35085
35151
34965
35343
35527
35389
7251040
NTC5
35087
35163
34975
35345
35529
35525
NTC6
NTC7
35089
35173
34977
35347
35531
7240423
NTC8
35091
35175
34979
35349
35523
7242474
Twist18-4
35093
35189
35351
35535
7243548
35095
35191
35353
35537
7244825
35099
35197
35355
35539
7248612
35107
35199
35357
35543
7248781
35111
35203
35421
35545
7248783
35121
35205
35463
35549
7248784
35145
35213
35491
35379
7249295
35149
35235
35511
35383
7249559
